,ImageName,Sfull,CorrLen,MeanLength,MeanWidth,LengthDensity,ImageSize,Process
0,MFU 0.1 spin coating 001_2um.001,0.87326,622.3635,361.6864,14.4767,0.015281,2,MFU
1,MFU 0.1 spin coating 002_2um.001,0.81183,402.2616,344.76099999999997,15.1403,0.014652000000000002,2,MFU
2,MFU 0.25 spin coating 001_2um.002,0.33763000000000004,506.4571,164.7038,15.5168,0.011035,2,MFU
3,MFU 0.6 spin coating 001_2um.001,0.25263,495.0272,190.1355,14.5377,0.011836,2,MFU
4,10%_2min,0.087859,322.8267,148.7525,21.1618,0.0092227,2,Son+2MP
5,15%,0.44978999999999997,383.5131,159.4503,17.997,0.0099258,2,2MP
6,15%_2min,0.27304,380.6616,184.078,18.6723,0.011137000000000001,2,Son+2MP
7,20%,0.56407,406.7245,220.71900000000002,15.1415,0.013574000000000001,2,2MP
8,20%_2min,0.25595,244.7437,133.5685,18.705,0.0093164,2,Son+2MP
9,30%,0.27476999999999996,297.5846,148.8487,15.6816,0.011312000000000001,2,2MP
10,40%,0.1227,334.97,135.6212,17.533,0.011223,2,2MP
11,5%_2min,0.17722000000000002,236.7337,139.6912,19.875,0.0087656,2,Son+2MP
12,CMC6-1-0.5mms-4um.005,0.28956,432.0112,202.7853,24.1278,0.0052471,4,Slide
13,CMC6-2-1mms-4um.001,0.77778,222.9739,291.0938,24.6858,0.0072773,4,Slide
14,CMC6-2-1mms-4um.002,0.80366,184.4389,271.253,24.0747,0.007154300000000001,4,Slide
15,CMC6-3-2mms-4um.001,0.8480200000000001,254.0527,331.145,23.945999999999998,0.0073887,4,Slide
16,CMC6-4-4mms-4um.001,0.6267,462.7034,293.2821,23.9799,0.0068555000000000005,4,Slide
17,CMC6-4-4mms-4um.002,0.69077,756.2096,309.6391,24.2545,0.0068701000000000005,4,Slide
18,18hrSpin1.004.flat,0.49821000000000004,805.0274,310.9464,20.7258,0.0076617000000000005,5,Age
19,48hrSpin1.006.flat,0.34951,1088.6596,244.5723,27.1769,0.0053121,5,Age
20,48hrSpin3.005.flat,0.49695,789.5428,352.176,25.7936,0.0080719,5,Age
21,88B4day+2minSonSpin1.001.flat,0.1754,383.4331,160.2368,26.6888,0.0045059,5,Age+Son
22,88D2minSon+4daySpin1.001.flat,0.48123,958.4202,346.2891,25.9309,0.006925799999999999,5,Son+Age
23,96hrSpin1.003.flat,0.57831,868.2262,511.2493,23.2315,0.0095297,5,Age
24,96hrSpin3.002.flat,0.78767,394.0229,359.5663,22.6923,0.0083707,5,Age
25,BP5-lowerchannel,0.6275,457.6675,520.0031,19.7978,0.0092977,5,Blade
26,BP5-upperchannel,0.8936700000000001,528.4555,691.8509,20.7342,0.010212,5,Blade
27,BV5-000,0.9031,661.6652,759.4775,20.7182,0.011119,5,Blade
28,BV5-001,0.8746200000000001,430.5893,945.0695,22.2552,0.0079008,5,Blade
29,BV5-005,0.9036299999999999,213.5961,599.1587,20.686999999999998,0.0093469,5,Blade
30,MFU 0.1 spin coating 001_5um.001,0.80051,910.3554,442.5453,19.3864,0.0098953,5,MFU
31,MFU 0.1 spin coating 002_5um.001,0.78766,608.9314,429.1101,19.2854,0.0098695,5,MFU
32,MFU1.001,0.15277000000000002,1114.6911,258.6578,19.7599,0.0073148,5,MFU
33,SC5-lowerchannel,0.33829000000000004,937.7130000000001,453.7323,20.3103,0.0086391,5,Age
34,SC5-midchannel,0.45278999999999997,1068.9606,512.4262,19.1368,0.007809399999999999,5,Age
35,SC5-upperchannel,0.7146600000000001,525.5293,529.1029,20.0682,0.0091641,5,Age
36,SUDay2V1.001,0.070721,725.5421,286.55,23.0915,0.0073242,5,Son+UV+Age
37,SonAge Sol3 blade 2 V3.002 rot,0.27455,834.6892,436.1814,32.6318,0.0068742000000000004,5,Son+Age
38,SDay2H1.001.trim,0.18977,521.4066,287.1048,32.4666,0.0038260999999999994,7,Son+Age
39,SUDay2V1.002,0.2384,483.6766,321.2694,24.7926,0.0068253,7,Son+UV+Age
40,SUV0hV1.001,0.4589,674.5353,476.4023,24.5004,0.0061641000000000005,7,Son+UV
41,UDay2H1.001,0.26045999999999997,1238.85,460.1925,25.1866,0.0054659999999999995,7,UV+Age
42,UDay2H1.002,0.54803,979.3115,516.4931,25.6774,0.0054074,7,UV+Age
43,0-3.001,0.14670999999999998,887.6131,430.7376,30.9389,0.0032046999999999996,10,Son+Age
44,0-3.008,0.058796,946.6498,443.1469,33.1683,0.0034211,10,Son+Age
45,0-3.009,0.089312,891.0237,426.154,32.417,0.0034390999999999996,10,Son+Age
46,2-3.002,0.2516,923.1941,554.9363,32.3047,0.0043562,10,Son+Age
47,2-3.003,0.23149,1206.8996,586.5494,32.5316,0.004493,10,Son+Age
48,2-3.004,0.32971,902.8631,552.5642,32.0051,0.0042492,10,Son+Age
49,2-3.005,0.39094,894.7643,565.3573,32.3755,0.004421100000000001,10,Son+Age
50,4-2.005,0.2164,847.7349,462.2136,33.1121,0.004640600000000001,10,Son+Age
51,48hr Spin1 10um.003.flat,0.26613000000000003,1080.0749,530.1609,25.4988,0.0087848,10,Age
52,6-1.001,0.34745,1019.1137,598.5185,33.2067,0.0049616999999999994,10,Son+Age
53,6-1.002,0.51685,590.4147,561.8859,32.3466,0.005146899999999999,10,Son+Age
54,6-1.003,0.39161999999999997,779.2164,489.5941,32.1033,0.0047344,10,Son+Age
55,6-1.004,0.49315,598.0943,491.0047,32.4299,0.0049296999999999995,10,Son+Age
